apache ant

               data1$comment_classification=DEFECT 
 time n.risk n.event survival std.err lower 95% CI upper 95% CI
 2360     13       1    0.923  0.0739        0.789            1
 2772     12       1    0.846  0.1001        0.671            1

                data1$comment_classification=DESIGN 
 time n.risk n.event survival std.err lower 95% CI upper 95% CI
  139     95       1    0.989  0.0105        0.969        1.000
  497     94       1    0.979  0.0147        0.951        1.000
  517     93       2    0.958  0.0206        0.918        0.999
  848     91       1    0.947  0.0229        0.904        0.993
 1204     90       2    0.926  0.0268        0.875        0.980
 2126     88       2    0.905  0.0300        0.848        0.966
 2287     86       1    0.895  0.0315        0.835        0.959
 2653     85       1    0.884  0.0328        0.822        0.951
 3004     67       1    0.871  0.0349        0.805        0.942
 3360     64       3    0.830  0.0404        0.755        0.913

                data1$comment_classification=TEST 
 time n.risk n.event survival std.err lower 95% CI upper 95% CI
  517     10       1      0.9  0.0949        0.732            1
 1204      9       1      0.8  0.1265        0.587            1

 Jmeter


                data1$comment_classification=DEFECT 
 time n.risk n.event survival std.err lower 95% CI upper 95% CI
 1132     20       1    0.950  0.0487        0.859            1
 1218     17       1    0.894  0.0710        0.765            1

                data1$comment_classification=DESIGN 
 time n.risk n.event survival std.err lower 95% CI upper 95% CI
  504    316       1    0.997 0.00316        0.991        1.000
  714    280       3    0.986 0.00688        0.973        1.000
  763    277       1    0.983 0.00772        0.968        0.998
 1005    261       1    0.979 0.00856        0.962        0.996
 1096    258       1    0.975 0.00933        0.957        0.994
 1132    257       2    0.967 0.01069        0.947        0.989
 1218    232      11    0.922 0.01691        0.889        0.955

 Jruby
                data1$comment_classification=DEFECT 
 time n.risk n.event survival std.err lower 95% CI upper 95% CI
  194    161       3    0.981  0.0107        0.961        1.000
  465    158       5    0.950  0.0171        0.917        0.984
  785    153       2    0.938  0.0190        0.901        0.976
  827    151       1    0.932  0.0199        0.894        0.971
  888    150       1    0.925  0.0207        0.886        0.967
 1052    149       2    0.913  0.0222        0.871        0.958
 1085    147       3    0.894  0.0242        0.848        0.943
 1122    144       1    0.888  0.0248        0.841        0.938
 1159    143       1    0.882  0.0254        0.834        0.933
 1352    142       1    0.876  0.0260        0.826        0.928
 1525    141       1    0.870  0.0265        0.819        0.923
 1646    140       1    0.863  0.0271        0.812        0.918
 1718    139       1    0.857  0.0276        0.805        0.913
 1996    138       2    0.845  0.0285        0.791        0.903
 2377    132      75    0.365  0.0384        0.297        0.448
 2386     57       2    0.352  0.0381        0.285        0.435
 2461     55       3    0.333  0.0376        0.267        0.415
 2490     52       2    0.320  0.0373        0.255        0.402
 2599     48       3    0.300  0.0367        0.236        0.381
 2651     42       1    0.293  0.0365        0.229        0.374
 2686     37       1    0.285  0.0364        0.222        0.366
 2749     36       5    0.245  0.0354        0.185        0.325
 2852     18       3    0.204  0.0365        0.144        0.290
 3099      8       1    0.179  0.0399        0.116        0.277

                data1$comment_classification=DESIGN 
 time n.risk n.event survival std.err lower 95% CI upper 95% CI
  194    343       7    0.980 0.00763        0.965        0.995
  413    336       3    0.971 0.00908        0.953        0.989
  465    333      18    0.918 0.01478        0.890        0.948
  494    315       1    0.915 0.01502        0.886        0.945
  496    314       1    0.913 0.01525        0.883        0.943
  592    313       2    0.907 0.01570        0.876        0.938
  611    311       1    0.904 0.01592        0.873        0.936
  637    310       1    0.901 0.01614        0.870        0.933
  679    309       3    0.892 0.01675        0.860        0.926
  682    306       3    0.883 0.01733        0.850        0.918
  767    303       1    0.880 0.01752        0.847        0.915
  832    302       1    0.878 0.01770        0.844        0.913
  859    301       1    0.875 0.01788        0.840        0.910
  888    300       1    0.872 0.01806        0.837        0.908
 1023    299       2    0.866 0.01840        0.831        0.903
 1051    297       1    0.863 0.01857        0.827        0.900
 1058    296       1    0.860 0.01873        0.824        0.898
 1081    295       3    0.851 0.01921        0.814        0.890
 1085    292       6    0.834 0.02010        0.795        0.874
 1098    286       1    0.831 0.02024        0.792        0.872
 1159    285       5    0.816 0.02091        0.776        0.858
 1188    280       1    0.813 0.02104        0.773        0.856
 1190    279       2    0.808 0.02128        0.767        0.850
 1239    277       1    0.805 0.02141        0.764        0.848
 1303    276       1    0.802 0.02153        0.761        0.845
 1400    275       2    0.796 0.02176        0.754        0.840
 1416    273       1    0.793 0.02188        0.751        0.837
 1451    272       1    0.790 0.02199        0.748        0.834
 1523    271       1    0.787 0.02210        0.745        0.832
 1578    270       1    0.784 0.02221        0.742        0.829
 1613    269       1    0.781 0.02232        0.739        0.826
 1634    268       1    0.778 0.02242        0.736        0.824
 1646    267       2    0.773 0.02263        0.729        0.818
 1664    265       1    0.770 0.02273        0.726        0.816
 1675    264       3    0.761 0.02303        0.717        0.807
 1677    261       1    0.758 0.02313        0.714        0.805
 1695    260       2    0.752 0.02331        0.708        0.799
 1718    258       1    0.749 0.02340        0.705        0.797
 1778    257       3    0.741 0.02367        0.696        0.788
 1790    254       1    0.738 0.02375        0.692        0.786
 1807    253       1    0.735 0.02384        0.689        0.783
 1847    252       1    0.732 0.02392        0.686        0.780
 1936    251       1    0.729 0.02400        0.683        0.777
 1955    250       2    0.723 0.02416        0.677        0.772
 1960    248       1    0.720 0.02424        0.674        0.769
 1977    247       2    0.714 0.02439        0.668        0.764
 1996    245       1    0.711 0.02447        0.665        0.761
 2025    244       1    0.708 0.02454        0.662        0.758
 2047    243       1    0.706 0.02461        0.659        0.755
 2104    242       1    0.703 0.02468        0.656        0.753
 2131    239       1    0.700 0.02475        0.653        0.750
 2158    236       2    0.694 0.02490        0.647        0.744
 2206    227       1    0.691 0.02497        0.643        0.741
 2253    226       1    0.688 0.02505        0.640        0.739
 2270    225       1    0.685 0.02512        0.637        0.736
 2280    224       1    0.682 0.02520        0.634        0.733
 2335    217       1    0.678 0.02527        0.631        0.730
 2366    215       1    0.675 0.02535        0.627        0.727
 2377    214      13    0.634 0.02624        0.585        0.688
 2386    192       1    0.631 0.02631        0.581        0.685
 2419    191       1    0.628 0.02638        0.578        0.682
 2461    190       4    0.614 0.02664        0.564        0.669
 2490    184       4    0.601 0.02688        0.551        0.656
 2522    179       1    0.598 0.02694        0.547        0.653
 2596    175       1    0.594 0.02701        0.544        0.650
 2599    174       7    0.570 0.02739        0.519        0.627
 2626    162       1    0.567 0.02745        0.516        0.623
 2631    161       1    0.563 0.02750        0.512        0.620
 2651    160       2    0.556 0.02760        0.505        0.613
 2667    156       2    0.549 0.02771        0.497        0.606
 2686    154       1    0.546 0.02775        0.494        0.603
 2721    150       1    0.542 0.02781        0.490        0.599
 2728    138       4    0.526 0.02809        0.474        0.584
 2749    134      11    0.483 0.02864        0.430        0.543
 2792    111       7    0.453 0.02906        0.399        0.513
 2852     94      10    0.404 0.02969        0.350        0.467
 2872     74       1    0.399 0.02979        0.345        0.462
 2899     73       1    0.393 0.02988        0.339        0.457
 2926     72       1    0.388 0.02996        0.334        0.451
 2974     71       1    0.383 0.03003        0.328        0.446
 3050     64       1    0.377 0.03015        0.322        0.441
 3185     34       4    0.332 0.03377        0.272        0.406
 3215     25       3    0.292 0.03674        0.229        0.374
 3345     20       3    0.249 0.03899        0.183        0.338

                data1$comment_classification=IMPLEMENTATION 
 time n.risk n.event survival std.err lower 95% CI upper 95% CI
  194    110       3    0.973  0.0155       0.9428        1.000
  403    107       1    0.964  0.0178       0.9293        0.999
  465    106       4    0.927  0.0248       0.8800        0.977
  526    102       1    0.918  0.0261       0.8684        0.971
  592    101       3    0.891  0.0297       0.8345        0.951
  679     98       1    0.882  0.0308       0.8235        0.944
  682     97       1    0.873  0.0318       0.8126        0.937
  767     96       1    0.864  0.0327       0.8018        0.930
  785     95       1    0.855  0.0336       0.7911        0.923
  796     94       2    0.836  0.0353       0.7700        0.908
  827     92       1    0.827  0.0360       0.7596        0.901
  888     91       1    0.818  0.0368       0.7492        0.894
  968     90       1    0.809  0.0375       0.7389        0.886
  993     89       1    0.800  0.0381       0.7286        0.878
 1051     88       4    0.764  0.0405       0.6882        0.847
 1085     84       3    0.736  0.0420       0.6585        0.823
 1122     81       1    0.727  0.0425       0.6486        0.815
 1148     80       2    0.709  0.0433       0.6291        0.799
 1159     78       2    0.691  0.0441       0.6097        0.783
 1262     76       1    0.682  0.0444       0.6001        0.775
 1416     75       2    0.664  0.0450       0.5810        0.758
 1475     73       2    0.645  0.0456       0.5620        0.741
 1718     71       1    0.636  0.0459       0.5525        0.733
 1725     70       1    0.627  0.0461       0.5431        0.724
 1789     69       1    0.618  0.0463       0.5337        0.716
 1974     68       2    0.600  0.0467       0.5151        0.699
 1996     66       1    0.591  0.0469       0.5058        0.690
 2158     65       1    0.582  0.0470       0.4966        0.682
 2255     63       1    0.573  0.0472       0.4872        0.673
 2366     62       1    0.563  0.0473       0.4778        0.664
 2377     61       1    0.554  0.0474       0.4685        0.655
 2437     57       1    0.544  0.0476       0.4587        0.646
 2461     56       3    0.515  0.0479       0.4294        0.618
 2490     48       3    0.483  0.0484       0.3969        0.588
 2599     45       3    0.451  0.0486       0.3649        0.557
 2686     41       1    0.440  0.0487       0.3541        0.546
 2721     37       2    0.416  0.0488       0.3305        0.524
 2749     31       9    0.295  0.0485       0.2140        0.407
 2852     16       1    0.277  0.0489       0.1959        0.391
 2926     12       2    0.231  0.0504       0.1503        0.354
 2974     10       2    0.185  0.0498       0.1087        0.313
 3345      5       1    0.148  0.0517       0.0743        0.293

                data1$comment_classification=TEST 
 time n.risk n.event survival std.err lower 95% CI upper 95% CI
  901      6       1    0.833   0.152        0.583            1
 2109      5       1    0.667   0.192        0.379            1
 